-1   6.000000  148.000000  72.000000  35.000000  0.000000  33.599998  0.627000  50.000000
 1   1.000000  85.000000  66.000000  29.000000  0.000000  26.600000  0.351000  31.000000
-1   8.000000  183.000000  64.000000  0.000000  0.000000  23.299999  0.672000  32.000000
 1   1.000000  89.000000  66.000000  23.000000  94.000000  28.100000  0.167000  21.000000
-1   0.000000  137.000000  40.000000  35.000000  168.000000  43.099998  2.288000  33.000000
 1   5.000000  116.000000  74.000000  0.000000  0.000000  25.600000  0.201000  30.000000
-1   3.000000  78.000000  50.000000  32.000000  88.000000  31.000000  0.248000  26.000000
 1   10.000000  115.000000  0.000000  0.000000  0.000000  35.299999  0.134000  29.000000
-1   2.000000  197.000000  70.000000  45.000000  543.000000  30.500000  0.158000  53.000000
-1   8.000000  125.000000  96.000000  0.000000  0.000000  0.000000  0.232000  54.000000
 1   4.000000  110.000000  92.000000  0.000000  0.000000  37.599998  0.191000  30.000000
-1   10.000000  168.000000  74.000000  0.000000  0.000000  38.000000  0.537000  34.000000
 1   10.000000  139.000000  80.000000  0.000000  0.000000  27.100000  1.441000  57.000000
-1   1.000000  189.000000  60.000000  23.000000  846.000000  30.100000  0.398000  59.000000
-1   5.000000  166.000000  72.000000  19.000000  175.000000  25.799999  0.587000  51.000000
-1   7.000000  100.000000  0.000000  0.000000  0.000000  30.000000  0.484000  32.000000
-1   0.000000  118.000000  84.000000  47.000000  230.000000  45.799999  0.551000  31.000000
-1   7.000000  107.000000  74.000000  0.000000  0.000000  29.600000  0.254000  31.000000
 1   1.000000  103.000000  30.000000  38.000000  83.000000  43.299999  0.183000  33.000000
-1   1.000000  115.000000  70.000000  30.000000  96.000000  34.599998  0.529000  32.000000
 1   3.000000  126.000000  88.000000  41.000000  235.000000  39.299999  0.704000  27.000000
 1   8.000000  99.000000  84.000000  0.000000  0.000000  35.400002  0.388000  50.000000
-1   7.000000  196.000000  90.000000  0.000000  0.000000  39.799999  0.451000  41.000000
-1   9.000000  119.000000  80.000000  35.000000  0.000000  29.000000  0.263000  29.000000
-1   11.000000  143.000000  94.000000  33.000000  146.000000  36.599998  0.254000  51.000000
-1   10.000000  125.000000  70.000000  26.000000  115.000000  31.100000  0.205000  41.000000
-1   7.000000  147.000000  76.000000  0.000000  0.000000  39.400002  0.257000  43.000000
 1   1.000000  97.000000  66.000000  15.000000  140.000000  23.200001  0.487000  22.000000
 1   13.000000  145.000000  82.000000  19.000000  110.000000  22.200001  0.245000  57.000000
 1   5.000000  117.000000  92.000000  0.000000  0.000000  34.099998  0.337000  38.000000
 1   5.000000  109.000000  75.000000  26.000000  0.000000  36.000000  0.546000  60.000000
-1   3.000000  158.000000  76.000000  36.000000  245.000000  31.600000  0.851000  28.000000
 1   3.000000  88.000000  58.000000  11.000000  54.000000  24.799999  0.267000  22.000000
 1   6.000000  92.000000  92.000000  0.000000  0.000000  19.900000  0.188000  28.000000
 1   10.000000  122.000000  78.000000  31.000000  0.000000  27.600000  0.512000  45.000000
 1   4.000000  103.000000  60.000000  33.000000  192.000000  24.000000  0.966000  33.000000
 1   11.000000  138.000000  76.000000  0.000000  0.000000  33.200001  0.420000  35.000000
-1   9.000000  102.000000  76.000000  37.000000  0.000000  32.900002  0.665000  46.000000
-1   2.000000  90.000000  68.000000  42.000000  0.000000  38.200001  0.503000  27.000000
-1   4.000000  111.000000  72.000000  47.000000  207.000000  37.099998  1.390000  56.000000
 1   3.000000  180.000000  64.000000  25.000000  70.000000  34.000000  0.271000  26.000000
 1   7.000000  133.000000  84.000000  0.000000  0.000000  40.200001  0.696000  37.000000
 1   7.000000  106.000000  92.000000  18.000000  0.000000  22.700001  0.235000  48.000000
-1   9.000000  171.000000  110.000000  24.000000  240.000000  45.400002  0.721000  54.000000
 1   7.000000  159.000000  64.000000  0.000000  0.000000  27.400000  0.294000  40.000000
-1   0.000000  180.000000  66.000000  39.000000  0.000000  42.000000  1.893000  25.000000
 1   1.000000  146.000000  56.000000  0.000000  0.000000  29.700001  0.564000  29.000000
 1   2.000000  71.000000  70.000000  27.000000  0.000000  28.000000  0.586000  22.000000
-1   7.000000  103.000000  66.000000  32.000000  0.000000  39.099998  0.344000  31.000000
 1   7.000000  105.000000  0.000000  0.000000  0.000000  0.000000  0.305000  24.000000
 1   1.000000  103.000000  80.000000  11.000000  82.000000  19.400000  0.491000  22.000000
 1   1.000000  101.000000  50.000000  15.000000  36.000000  24.200001  0.526000  26.000000
 1   5.000000  88.000000  66.000000  21.000000  23.000000  24.400000  0.342000  30.000000
-1   8.000000  176.000000  90.000000  34.000000  300.000000  33.700001  0.467000  58.000000
 1   7.000000  150.000000  66.000000  42.000000  342.000000  34.700001  0.718000  42.000000
 1   1.000000  73.000000  50.000000  10.000000  0.000000  23.000000  0.248000  21.000000
-1   7.000000  187.000000  68.000000  39.000000  304.000000  37.700001  0.254000  41.000000
 1   0.000000  100.000000  88.000000  60.000000  110.000000  46.799999  0.962000  31.000000
 1   0.000000  146.000000  82.000000  0.000000  0.000000  40.500000  1.781000  44.000000
 1   0.000000  105.000000  64.000000  41.000000  142.000000  41.500000  0.173000  22.000000
 1   2.000000  84.000000  0.000000  0.000000  0.000000  0.000000  0.304000  21.000000
-1   8.000000  133.000000  72.000000  0.000000  0.000000  32.900002  0.270000  39.000000
 1   5.000000  44.000000  62.000000  0.000000  0.000000  25.000000  0.587000  36.000000
 1   2.000000  141.000000  58.000000  34.000000  128.000000  25.400000  0.699000  24.000000
-1   7.000000  114.000000  66.000000  0.000000  0.000000  32.799999  0.258000  42.000000
 1   5.000000  99.000000  74.000000  27.000000  0.000000  29.000000  0.203000  32.000000
-1   0.000000  109.000000  88.000000  30.000000  0.000000  32.500000  0.855000  38.000000
 1   2.000000  109.000000  92.000000  0.000000  0.000000  42.700001  0.845000  54.000000
 1   1.000000  95.000000  66.000000  13.000000  38.000000  19.600000  0.334000  25.000000
 1   4.000000  146.000000  85.000000  27.000000  100.000000  28.900000  0.189000  27.000000
-1   2.000000  100.000000  66.000000  20.000000  90.000000  32.900002  0.867000  28.000000
 1   5.000000  139.000000  64.000000  35.000000  140.000000  28.600000  0.411000  26.000000
-1   13.000000  126.000000  90.000000  0.000000  0.000000  43.400002  0.583000  42.000000
 1   4.000000  129.000000  86.000000  20.000000  270.000000  35.099998  0.231000  23.000000
 1   1.000000  79.000000  75.000000  30.000000  0.000000  32.000000  0.396000  22.000000
 1   1.000000  0.000000  48.000000  20.000000  0.000000  24.700001  0.140000  22.000000
 1   7.000000  62.000000  78.000000  0.000000  0.000000  32.599998  0.391000  41.000000
 1   5.000000  95.000000  72.000000  33.000000  0.000000  37.700001  0.370000  27.000000
-1   0.000000  131.000000  0.000000  0.000000  0.000000  43.200001  0.270000  26.000000
 1   2.000000  112.000000  66.000000  22.000000  0.000000  25.000000  0.307000  24.000000
 1   3.000000  113.000000  44.000000  13.000000  0.000000  22.400000  0.140000  22.000000
 1   2.000000  74.000000  0.000000  0.000000  0.000000  0.000000  0.102000  22.000000
 1   7.000000  83.000000  78.000000  26.000000  71.000000  29.299999  0.767000  36.000000
 1   0.000000  101.000000  65.000000  28.000000  0.000000  24.600000  0.237000  22.000000
-1   5.000000  137.000000  108.000000  0.000000  0.000000  48.799999  0.227000  37.000000
 1   2.000000  110.000000  74.000000  29.000000  125.000000  32.400002  0.698000  27.000000
 1   13.000000  106.000000  72.000000  54.000000  0.000000  36.599998  0.178000  45.000000
 1   2.000000  100.000000  68.000000  25.000000  71.000000  38.500000  0.324000  26.000000
-1   15.000000  136.000000  70.000000  32.000000  110.000000  37.099998  0.153000  43.000000
 1   1.000000  107.000000  68.000000  19.000000  0.000000  26.500000  0.165000  24.000000
 1   1.000000  80.000000  55.000000  0.000000  0.000000  19.100000  0.258000  21.000000
 1   4.000000  123.000000  80.000000  15.000000  176.000000  32.000000  0.443000  34.000000
 1   7.000000  81.000000  78.000000  40.000000  48.000000  46.700001  0.261000  42.000000
-1   4.000000  134.000000  72.000000  0.000000  0.000000  23.799999  0.277000  60.000000
 1   2.000000  142.000000  82.000000  18.000000  64.000000  24.700001  0.761000  21.000000
 1   6.000000  144.000000  72.000000  27.000000  228.000000  33.900002  0.255000  40.000000
 1   2.000000  92.000000  62.000000  28.000000  0.000000  31.600000  0.130000  24.000000
 1   1.000000  71.000000  48.000000  18.000000  76.000000  20.400000  0.323000  22.000000
 1   6.000000  93.000000  50.000000  30.000000  64.000000  28.700001  0.356000  23.000000
-1   1.000000  122.000000  90.000000  51.000000  220.000000  49.700001  0.325000  31.000000
-1   1.000000  163.000000  72.000000  0.000000  0.000000  39.000000  1.222000  33.000000
 1   1.000000  151.000000  60.000000  0.000000  0.000000  26.100000  0.179000  22.000000
 1   0.000000  125.000000  96.000000  0.000000  0.000000  22.500000  0.262000  21.000000
 1   1.000000  81.000000  72.000000  18.000000  40.000000  26.600000  0.283000  24.000000
 1   2.000000  85.000000  65.000000  0.000000  0.000000  39.599998  0.930000  27.000000
 1   1.000000  126.000000  56.000000  29.000000  152.000000  28.700001  0.801000  21.000000
 1   1.000000  96.000000  122.000000  0.000000  0.000000  22.400000  0.207000  27.000000
 1   4.000000  144.000000  58.000000  28.000000  140.000000  29.500000  0.287000  37.000000
 1   3.000000  83.000000  58.000000  31.000000  18.000000  34.299999  0.336000  25.000000
-1   0.000000  95.000000  85.000000  25.000000  36.000000  37.400002  0.247000  24.000000
-1   3.000000  171.000000  72.000000  33.000000  135.000000  33.299999  0.199000  24.000000
-1   8.000000  155.000000  62.000000  26.000000  495.000000  34.000000  0.543000  46.000000
 1   1.000000  89.000000  76.000000  34.000000  37.000000  31.200001  0.192000  23.000000
 1   4.000000  76.000000  62.000000  0.000000  0.000000  34.000000  0.391000  25.000000
-1   7.000000  160.000000  54.000000  32.000000  175.000000  30.500000  0.588000  39.000000
-1   4.000000  146.000000  92.000000  0.000000  0.000000  31.200001  0.539000  61.000000
-1   5.000000  124.000000  74.000000  0.000000  0.000000  34.000000  0.220000  38.000000
 1   5.000000  78.000000  48.000000  0.000000  0.000000  33.700001  0.654000  25.000000
 1   4.000000  97.000000  60.000000  23.000000  0.000000  28.200001  0.443000  22.000000
 1   4.000000  99.000000  76.000000  15.000000  51.000000  23.200001  0.223000  21.000000
-1   0.000000  162.000000  76.000000  56.000000  100.000000  53.200001  0.759000  25.000000
 1   6.000000  111.000000  64.000000  39.000000  0.000000  34.200001  0.260000  24.000000
 1   2.000000  107.000000  74.000000  30.000000  100.000000  33.599998  0.404000  23.000000
 1   5.000000  132.000000  80.000000  0.000000  0.000000  26.799999  0.186000  69.000000
-1   0.000000  113.000000  76.000000  0.000000  0.000000  33.299999  0.278000  23.000000
-1   1.000000  88.000000  30.000000  42.000000  99.000000  55.000000  0.496000  26.000000
 1   3.000000  120.000000  70.000000  30.000000  135.000000  42.900002  0.452000  30.000000
 1   1.000000  118.000000  58.000000  36.000000  94.000000  33.299999  0.261000  23.000000
-1   1.000000  117.000000  88.000000  24.000000  145.000000  34.500000  0.403000  40.000000
-1   0.000000  105.000000  84.000000  0.000000  0.000000  27.900000  0.741000  62.000000
-1   4.000000  173.000000  70.000000  14.000000  168.000000  29.700001  0.361000  33.000000
-1   9.000000  122.000000  56.000000  0.000000  0.000000  33.299999  1.114000  33.000000
-1   3.000000  170.000000  64.000000  37.000000  225.000000  34.500000  0.356000  30.000000
 1   8.000000  84.000000  74.000000  31.000000  0.000000  38.299999  0.457000  39.000000
 1   2.000000  96.000000  68.000000  13.000000  49.000000  21.100000  0.647000  26.000000
 1   2.000000  125.000000  60.000000  20.000000  140.000000  33.799999  0.088000  31.000000
 1   0.000000  100.000000  70.000000  26.000000  50.000000  30.799999  0.597000  21.000000
 1   0.000000  93.000000  60.000000  25.000000  92.000000  28.700001  0.532000  22.000000
 1   0.000000  129.000000  80.000000  0.000000  0.000000  31.200001  0.703000  29.000000
 1   5.000000  105.000000  72.000000  29.000000  325.000000  36.900002  0.159000  28.000000
 1   3.000000  128.000000  78.000000  0.000000  0.000000  21.100000  0.268000  55.000000
 1   5.000000  106.000000  82.000000  30.000000  0.000000  39.500000  0.286000  38.000000
 1   2.000000  108.000000  52.000000  26.000000  63.000000  32.500000  0.318000  22.000000
-1   10.000000  108.000000  66.000000  0.000000  0.000000  32.400002  0.272000  42.000000
 1   4.000000  154.000000  62.000000  31.000000  284.000000  32.799999  0.237000  23.000000
 1   0.000000  102.000000  75.000000  23.000000  0.000000  0.000000  0.572000  21.000000
 1   9.000000  57.000000  80.000000  37.000000  0.000000  32.799999  0.096000  41.000000
 1   2.000000  106.000000  64.000000  35.000000  119.000000  30.500000  1.400000  34.000000
 1   5.000000  147.000000  78.000000  0.000000  0.000000  33.700001  0.218000  65.000000
 1   2.000000  90.000000  70.000000  17.000000  0.000000  27.299999  0.085000  22.000000
 1   1.000000  136.000000  74.000000  50.000000  204.000000  37.400002  0.399000  24.000000
 1   4.000000  114.000000  65.000000  0.000000  0.000000  21.900000  0.432000  37.000000
-1   9.000000  156.000000  86.000000  28.000000  155.000000  34.299999  1.189000  42.000000
 1   1.000000  153.000000  82.000000  42.000000  485.000000  40.599998  0.687000  23.000000
-1   8.000000  188.000000  78.000000  0.000000  0.000000  47.900002  0.137000  43.000000
-1   7.000000  152.000000  88.000000  44.000000  0.000000  50.000000  0.337000  36.000000
 1   2.000000  99.000000  52.000000  15.000000  94.000000  24.600000  0.637000  21.000000
 1   1.000000  109.000000  56.000000  21.000000  135.000000  25.200001  0.833000  23.000000
 1   2.000000  88.000000  74.000000  19.000000  53.000000  29.000000  0.229000  22.000000
-1   17.000000  163.000000  72.000000  41.000000  114.000000  40.900002  0.817000  47.000000
 1   4.000000  151.000000  90.000000  38.000000  0.000000  29.700001  0.294000  36.000000
 1   7.000000  102.000000  74.000000  40.000000  105.000000  37.200001  0.204000  45.000000
 1   0.000000  114.000000  80.000000  34.000000  285.000000  44.200001  0.167000  27.000000
 1   2.000000  100.000000  64.000000  23.000000  0.000000  29.700001  0.368000  21.000000
-1   0.000000  131.000000  88.000000  0.000000  0.000000  31.600000  0.743000  32.000000
-1   6.000000  104.000000  74.000000  18.000000  156.000000  29.900000  0.722000  41.000000
 1   3.000000  148.000000  66.000000  25.000000  0.000000  32.500000  0.256000  22.000000
 1   4.000000  120.000000  68.000000  0.000000  0.000000  29.600000  0.709000  34.000000
 1   4.000000  110.000000  66.000000  0.000000  0.000000  31.900000  0.471000  29.000000
 1   3.000000  111.000000  90.000000  12.000000  78.000000  28.400000  0.495000  29.000000
-1   6.000000  102.000000  82.000000  0.000000  0.000000  30.799999  0.180000  36.000000
-1   6.000000  134.000000  70.000000  23.000000  130.000000  35.400002  0.542000  29.000000
 1   2.000000  87.000000  0.000000  23.000000  0.000000  28.900000  0.773000  25.000000
 1   1.000000  79.000000  60.000000  42.000000  48.000000  43.500000  0.678000  23.000000
 1   2.000000  75.000000  64.000000  24.000000  55.000000  29.700001  0.370000  33.000000
-1   8.000000  179.000000  72.000000  42.000000  130.000000  32.700001  0.719000  36.000000
 1   6.000000  85.000000  78.000000  0.000000  0.000000  31.200001  0.382000  42.000000
-1   0.000000  129.000000  110.000000  46.000000  130.000000  67.099998  0.319000  26.000000
 1   5.000000  143.000000  78.000000  0.000000  0.000000  45.000000  0.190000  47.000000
-1   5.000000  130.000000  82.000000  0.000000  0.000000  39.099998  0.956000  37.000000
 1   6.000000  87.000000  80.000000  0.000000  0.000000  23.200001  0.084000  32.000000
 1   0.000000  119.000000  64.000000  18.000000  92.000000  34.900002  0.725000  23.000000
 1   1.000000  0.000000  74.000000  20.000000  23.000000  27.700001  0.299000  21.000000
 1   5.000000  73.000000  60.000000  0.000000  0.000000  26.799999  0.268000  27.000000
 1   4.000000  141.000000  74.000000  0.000000  0.000000  27.600000  0.244000  40.000000
-1   7.000000  194.000000  68.000000  28.000000  0.000000  35.900002  0.745000  41.000000
-1   8.000000  181.000000  68.000000  36.000000  495.000000  30.100000  0.615000  60.000000
-1   1.000000  128.000000  98.000000  41.000000  58.000000  32.000000  1.321000  33.000000
-1   8.000000  109.000000  76.000000  39.000000  114.000000  27.900000  0.640000  31.000000
-1   5.000000  139.000000  80.000000  35.000000  160.000000  31.600000  0.361000  25.000000
 1   3.000000  111.000000  62.000000  0.000000  0.000000  22.600000  0.142000  21.000000
 1   9.000000  123.000000  70.000000  44.000000  94.000000  33.099998  0.374000  40.000000
-1   7.000000  159.000000  66.000000  0.000000  0.000000  30.400000  0.383000  36.000000
-1   11.000000  135.000000  0.000000  0.000000  0.000000  52.299999  0.578000  40.000000
 1   8.000000  85.000000  55.000000  20.000000  0.000000  24.400000  0.136000  42.000000
-1   5.000000  158.000000  84.000000  41.000000  210.000000  39.400002  0.395000  29.000000
 1   1.000000  105.000000  58.000000  0.000000  0.000000  24.299999  0.187000  21.000000
-1   3.000000  107.000000  62.000000  13.000000  48.000000  22.900000  0.678000  23.000000
-1   4.000000  109.000000  64.000000  44.000000  99.000000  34.799999  0.905000  26.000000
-1   4.000000  148.000000  60.000000  27.000000  318.000000  30.900000  0.150000  29.000000
 1   0.000000  113.000000  80.000000  16.000000  0.000000  31.000000  0.874000  21.000000
 1   1.000000  138.000000  82.000000  0.000000  0.000000  40.099998  0.236000  28.000000
 1   0.000000  108.000000  68.000000  20.000000  0.000000  27.299999  0.787000  32.000000
 1   2.000000  99.000000  70.000000  16.000000  44.000000  20.400000  0.235000  27.000000
 1   6.000000  103.000000  72.000000  32.000000  190.000000  37.700001  0.324000  55.000000
 1   5.000000  111.000000  72.000000  28.000000  0.000000  23.900000  0.407000  27.000000
-1   8.000000  196.000000  76.000000  29.000000  280.000000  37.500000  0.605000  57.000000
-1   5.000000  162.000000  104.000000  0.000000  0.000000  37.700001  0.151000  52.000000
 1   1.000000  96.000000  64.000000  27.000000  87.000000  33.200001  0.289000  21.000000
-1   7.000000  184.000000  84.000000  33.000000  0.000000  35.500000  0.355000  41.000000
 1   2.000000  81.000000  60.000000  22.000000  0.000000  27.700001  0.290000  25.000000
 1   0.000000  147.000000  85.000000  54.000000  0.000000  42.799999  0.375000  24.000000
 1   7.000000  179.000000  95.000000  31.000000  0.000000  34.200001  0.164000  60.000000
-1   0.000000  140.000000  65.000000  26.000000  130.000000  42.599998  0.431000  24.000000
-1   9.000000  112.000000  82.000000  32.000000  175.000000  34.200001  0.260000  36.000000
-1   12.000000  151.000000  70.000000  40.000000  271.000000  41.799999  0.742000  38.000000
-1   5.000000  109.000000  62.000000  41.000000  129.000000  35.799999  0.514000  25.000000
 1   6.000000  125.000000  68.000000  30.000000  120.000000  30.000000  0.464000  32.000000
-1   5.000000  85.000000  74.000000  22.000000  0.000000  29.000000  1.224000  32.000000
-1   5.000000  112.000000  66.000000  0.000000  0.000000  37.799999  0.261000  41.000000
-1   0.000000  177.000000  60.000000  29.000000  478.000000  34.599998  1.072000  21.000000
-1   2.000000  158.000000  90.000000  0.000000  0.000000  31.600000  0.805000  66.000000
 1   7.000000  119.000000  0.000000  0.000000  0.000000  25.200001  0.209000  37.000000
 1   7.000000  142.000000  60.000000  33.000000  190.000000  28.799999  0.687000  61.000000
 1   1.000000  100.000000  66.000000  15.000000  56.000000  23.600000  0.666000  26.000000
 1   1.000000  87.000000  78.000000  27.000000  32.000000  34.599998  0.101000  22.000000
 1   0.000000  101.000000  76.000000  0.000000  0.000000  35.700001  0.198000  26.000000
-1   3.000000  162.000000  52.000000  38.000000  0.000000  37.200001  0.652000  24.000000
 1   4.000000  197.000000  70.000000  39.000000  744.000000  36.700001  2.329000  31.000000
 1   0.000000  117.000000  80.000000  31.000000  53.000000  45.200001  0.089000  24.000000
-1   4.000000  142.000000  86.000000  0.000000  0.000000  44.000000  0.645000  22.000000
-1   6.000000  134.000000  80.000000  37.000000  370.000000  46.200001  0.238000  46.000000
 1   1.000000  79.000000  80.000000  25.000000  37.000000  25.400000  0.583000  22.000000
 1   4.000000  122.000000  68.000000  0.000000  0.000000  35.000000  0.394000  29.000000
 1   3.000000  74.000000  68.000000  28.000000  45.000000  29.700001  0.293000  23.000000
-1   4.000000  171.000000  72.000000  0.000000  0.000000  43.599998  0.479000  26.000000
-1   7.000000  181.000000  84.000000  21.000000  192.000000  35.900002  0.586000  51.000000
-1   0.000000  179.000000  90.000000  27.000000  0.000000  44.099998  0.686000  23.000000
-1   9.000000  164.000000  84.000000  21.000000  0.000000  30.799999  0.831000  32.000000
 1   0.000000  104.000000  76.000000  0.000000  0.000000  18.400000  0.582000  27.000000
 1   1.000000  91.000000  64.000000  24.000000  0.000000  29.200001  0.192000  21.000000
 1   4.000000  91.000000  70.000000  32.000000  88.000000  33.099998  0.446000  22.000000
-1   3.000000  139.000000  54.000000  0.000000  0.000000  25.600000  0.402000  22.000000
-1   6.000000  119.000000  50.000000  22.000000  176.000000  27.100000  1.318000  33.000000
 1   2.000000  146.000000  76.000000  35.000000  194.000000  38.200001  0.329000  29.000000
-1   9.000000  184.000000  85.000000  15.000000  0.000000  30.000000  1.213000  49.000000
 1   10.000000  122.000000  68.000000  0.000000  0.000000  31.200001  0.258000  41.000000
 1   0.000000  165.000000  90.000000  33.000000  680.000000  52.299999  0.427000  23.000000
 1   9.000000  124.000000  70.000000  33.000000  402.000000  35.400002  0.282000  34.000000
 1   1.000000  111.000000  86.000000  19.000000  0.000000  30.100000  0.143000  23.000000
 1   9.000000  106.000000  52.000000  0.000000  0.000000  31.200001  0.380000  42.000000
 1   2.000000  129.000000  84.000000  0.000000  0.000000  28.000000  0.284000  27.000000
 1   2.000000  90.000000  80.000000  14.000000  55.000000  24.400000  0.249000  24.000000
 1   0.000000  86.000000  68.000000  32.000000  0.000000  35.799999  0.238000  25.000000
-1   12.000000  92.000000  62.000000  7.000000  258.000000  27.600000  0.926000  44.000000
-1   1.000000  113.000000  64.000000  35.000000  0.000000  33.599998  0.543000  21.000000
 1   3.000000  111.000000  56.000000  39.000000  0.000000  30.100000  0.557000  30.000000
 1   2.000000  114.000000  68.000000  22.000000  0.000000  28.700001  0.092000  25.000000
 1   1.000000  193.000000  50.000000  16.000000  375.000000  25.900000  0.655000  24.000000
-1   11.000000  155.000000  76.000000  28.000000  150.000000  33.299999  1.353000  51.000000
 1   3.000000  191.000000  68.000000  15.000000  130.000000  30.900000  0.299000  34.000000
-1   3.000000  141.000000  0.000000  0.000000  0.000000  30.000000  0.761000  27.000000
 1   4.000000  95.000000  70.000000  32.000000  0.000000  32.099998  0.612000  24.000000
 1   3.000000  142.000000  80.000000  15.000000  0.000000  32.400002  0.200000  63.000000
-1   4.000000  123.000000  62.000000  0.000000  0.000000  32.000000  0.226000  35.000000
 1   5.000000  96.000000  74.000000  18.000000  67.000000  33.599998  0.997000  43.000000
-1   0.000000  138.000000  0.000000  0.000000  0.000000  36.299999  0.933000  25.000000
 1   2.000000  128.000000  64.000000  42.000000  0.000000  40.000000  1.101000  24.000000
 1   0.000000  102.000000  52.000000  0.000000  0.000000  25.100000  0.078000  21.000000
-1   2.000000  146.000000  0.000000  0.000000  0.000000  27.500000  0.240000  28.000000
-1   10.000000  101.000000  86.000000  37.000000  0.000000  45.599998  1.136000  38.000000
 1   2.000000  108.000000  62.000000  32.000000  56.000000  25.200001  0.128000  21.000000
 1   3.000000  122.000000  78.000000  0.000000  0.000000  23.000000  0.254000  40.000000
 1   1.000000  71.000000  78.000000  50.000000  45.000000  33.200001  0.422000  21.000000
 1   13.000000  106.000000  70.000000  0.000000  0.000000  34.200001  0.251000  52.000000
 1   2.000000  100.000000  70.000000  52.000000  57.000000  40.500000  0.677000  25.000000
-1   7.000000  106.000000  60.000000  24.000000  0.000000  26.500000  0.296000  29.000000
 1   0.000000  104.000000  64.000000  23.000000  116.000000  27.799999  0.454000  23.000000
 1   5.000000  114.000000  74.000000  0.000000  0.000000  24.900000  0.744000  57.000000
 1   2.000000  108.000000  62.000000  10.000000  278.000000  25.299999  0.881000  22.000000
-1   0.000000  146.000000  70.000000  0.000000  0.000000  37.900002  0.334000  28.000000
 1   10.000000  129.000000  76.000000  28.000000  122.000000  35.900002  0.280000  39.000000
 1   7.000000  133.000000  88.000000  15.000000  155.000000  32.400002  0.262000  37.000000
-1   7.000000  161.000000  86.000000  0.000000  0.000000  30.400000  0.165000  47.000000
-1   2.000000  108.000000  80.000000  0.000000  0.000000  27.000000  0.259000  52.000000
 1   7.000000  136.000000  74.000000  26.000000  135.000000  26.000000  0.647000  51.000000
 1   5.000000  155.000000  84.000000  44.000000  545.000000  38.700001  0.619000  34.000000
-1   1.000000  119.000000  86.000000  39.000000  220.000000  45.599998  0.808000  29.000000
 1   4.000000  96.000000  56.000000  17.000000  49.000000  20.799999  0.340000  26.000000
 1   5.000000  108.000000  72.000000  43.000000  75.000000  36.099998  0.263000  33.000000
 1   0.000000  78.000000  88.000000  29.000000  40.000000  36.900002  0.434000  21.000000
-1   0.000000  107.000000  62.000000  30.000000  74.000000  36.599998  0.757000  25.000000
-1   2.000000  128.000000  78.000000  37.000000  182.000000  43.299999  1.224000  31.000000
-1   1.000000  128.000000  48.000000  45.000000  194.000000  40.500000  0.613000  24.000000
 1   0.000000  161.000000  50.000000  0.000000  0.000000  21.900000  0.254000  65.000000
 1   6.000000  151.000000  62.000000  31.000000  120.000000  35.500000  0.692000  28.000000
-1   2.000000  146.000000  70.000000  38.000000  360.000000  28.000000  0.337000  29.000000
 1   0.000000  126.000000  84.000000  29.000000  215.000000  30.700001  0.520000  24.000000
-1   14.000000  100.000000  78.000000  25.000000  184.000000  36.599998  0.412000  46.000000
 1   8.000000  112.000000  72.000000  0.000000  0.000000  23.600000  0.840000  58.000000
-1   0.000000  167.000000  0.000000  0.000000  0.000000  32.299999  0.839000  30.000000
-1   2.000000  144.000000  58.000000  33.000000  135.000000  31.600000  0.422000  25.000000
 1   5.000000  77.000000  82.000000  41.000000  42.000000  35.799999  0.156000  35.000000
-1   5.000000  115.000000  98.000000  0.000000  0.000000  52.900002  0.209000  28.000000
 1   3.000000  150.000000  76.000000  0.000000  0.000000  21.000000  0.207000  37.000000
 1   2.000000  120.000000  76.000000  37.000000  105.000000  39.700001  0.215000  29.000000
-1   10.000000  161.000000  68.000000  23.000000  132.000000  25.500000  0.326000  47.000000
 1   0.000000  137.000000  68.000000  14.000000  148.000000  24.799999  0.143000  21.000000
-1   0.000000  128.000000  68.000000  19.000000  180.000000  30.500000  1.391000  25.000000
-1   2.000000  124.000000  68.000000  28.000000  205.000000  32.900002  0.875000  30.000000
 1   6.000000  80.000000  66.000000  30.000000  0.000000  26.200001  0.313000  41.000000
 1   0.000000  106.000000  70.000000  37.000000  148.000000  39.400002  0.605000  22.000000
-1   2.000000  155.000000  74.000000  17.000000  96.000000  26.600000  0.433000  27.000000
 1   3.000000  113.000000  50.000000  10.000000  85.000000  29.500000  0.626000  25.000000
-1   7.000000  109.000000  80.000000  31.000000  0.000000  35.900002  1.127000  43.000000
 1   2.000000  112.000000  68.000000  22.000000  94.000000  34.099998  0.315000  26.000000
 1   3.000000  99.000000  80.000000  11.000000  64.000000  19.299999  0.284000  30.000000
-1   3.000000  182.000000  74.000000  0.000000  0.000000  30.500000  0.345000  29.000000
 1   3.000000  115.000000  66.000000  39.000000  140.000000  38.099998  0.150000  28.000000
-1   6.000000  194.000000  78.000000  0.000000  0.000000  23.500000  0.129000  59.000000
 1   4.000000  129.000000  60.000000  12.000000  231.000000  27.500000  0.527000  31.000000
-1   3.000000  112.000000  74.000000  30.000000  0.000000  31.600000  0.197000  25.000000
-1   0.000000  124.000000  70.000000  20.000000  0.000000  27.400000  0.254000  36.000000
-1   13.000000  152.000000  90.000000  33.000000  29.000000  26.799999  0.731000  43.000000
 1   2.000000  112.000000  75.000000  32.000000  0.000000  35.700001  0.148000  21.000000
 1   1.000000  157.000000  72.000000  21.000000  168.000000  25.600000  0.123000  24.000000
-1   1.000000  122.000000  64.000000  32.000000  156.000000  35.099998  0.692000  30.000000
 1   10.000000  179.000000  70.000000  0.000000  0.000000  35.099998  0.200000  37.000000
-1   2.000000  102.000000  86.000000  36.000000  120.000000  45.500000  0.127000  23.000000
 1   6.000000  105.000000  70.000000  32.000000  68.000000  30.799999  0.122000  37.000000
 1   8.000000  118.000000  72.000000  19.000000  0.000000  23.100000  1.476000  46.000000
 1   2.000000  87.000000  58.000000  16.000000  52.000000  32.700001  0.166000  25.000000
-1   1.000000  180.000000  0.000000  0.000000  0.000000  43.299999  0.282000  41.000000
 1   12.000000  106.000000  80.000000  0.000000  0.000000  23.600000  0.137000  44.000000
 1   1.000000  95.000000  60.000000  18.000000  58.000000  23.900000  0.260000  22.000000
 1   0.000000  165.000000  76.000000  43.000000  255.000000  47.900002  0.259000  26.000000
 1   0.000000  117.000000  0.000000  0.000000  0.000000  33.799999  0.932000  44.000000
-1   5.000000  115.000000  76.000000  0.000000  0.000000  31.200001  0.343000  44.000000
-1   9.000000  152.000000  78.000000  34.000000  171.000000  34.200001  0.893000  33.000000
-1   7.000000  178.000000  84.000000  0.000000  0.000000  39.900002  0.331000  41.000000
 1   1.000000  130.000000  70.000000  13.000000  105.000000  25.900000  0.472000  22.000000
 1   1.000000  95.000000  74.000000  21.000000  73.000000  25.900000  0.673000  36.000000
 1   1.000000  0.000000  68.000000  35.000000  0.000000  32.000000  0.389000  22.000000
 1   5.000000  122.000000  86.000000  0.000000  0.000000  34.700001  0.290000  33.000000
 1   8.000000  95.000000  72.000000  0.000000  0.000000  36.799999  0.485000  57.000000
 1   8.000000  126.000000  88.000000  36.000000  108.000000  38.500000  0.349000  49.000000
 1   1.000000  139.000000  46.000000  19.000000  83.000000  28.700001  0.654000  22.000000
 1   3.000000  116.000000  0.000000  0.000000  0.000000  23.500000  0.187000  23.000000
 1   3.000000  99.000000  62.000000  19.000000  74.000000  21.799999  0.279000  26.000000
-1   5.000000  0.000000  80.000000  32.000000  0.000000  41.000000  0.346000  37.000000
